tree
version=v4
num_class=1
num_tree_per_iteration=1
label_index=0
max_feature_idx=9
objective=regression
feature_names=median_family_income GREEN REPUBLICAN DEMOCRAT LIBERTARIAN OTHER noHS HS someCol Col
feature_infos=[25529.9765625:157777.984375] [0:0.014125213710005699] [0.092812500000000006:0.96181818181818179] [0.0309090909090909:0.88406249999999997] [0:0.1147967479674796] [0:0.1206896551724138] [0.60240963855421692:81.553398058252426] [9.7351624972489184:53.393442622950808] [0:76.923076923076934] [0:68.520284645293813]
tree_sizes=2805 2836 2823 2836 2821 2827 2820 2827 2804 2818 2817 2828 2816 2815 2813 2849 2809 2834 2817 2833

Tree=0
num_leaves=31
num_cat=0
split_feature=0 9 2 1 2 0 0 6 0 0 5 1 6 8 6 2 5 1 5 6 1 1 0 5 7 5 6 5 8 7
split_gain=5.52457e+11 1.36377e+11 1.17424e+11 8.04936e+10 4.57809e+10 4.19263e+10 2.60266e+10 2.32572e+10 2.28891e+10 2.19104e+10 1.8419e+10 1.74908e+10 1.33965e+10 1.18008e+10 1.08382e+10 1.02155e+10 9.80065e+09 9.55861e+09 8.98891e+09 8.7472e+09 8.2343e+09 7.74247e+09 7.22435e+09 6.69573e+09 6.44996e+09 6.1364e+09 6.09091e+09 5.26904e+09 5.41724e+09 4.84399e+09
threshold=91363.390625000015 25.485990740943901 0.20317098965633176 0.0025939140675826007 0.33188748685594116 61700.951171875007 113117.21093750001 12.931116386348807 80403.558593750015 111372.63671875001 0.0035158832884858004 0.0031113924981944507 12.375658510681477 35.172758840282512 8.4557147790849339 0.47117576902773906 0.0036781751137836007 0.0037191790988049004 0.0060044273731560509 5.7574361121682331 0.0031480297333821507 0.0027702530847035006 77114.636718750015 0.0028812391061195505 44.307599657857757 0.016453079449374356 5.8389023618536156 0.0056280469796272511 34.13922788750191 34.505135113684581
decision_type=2 2 2 2 2 2 2 2 2 2 2 2 2 2 2 2 2 2 2 2 2 2 2 2 2 2 2 2 2 2
left_child=1 5 -2 9 7 12 10 22 20 27 -5 13 -1 -7 -12 -10 -13 -9 -11 -8 26 -14 -3 -21 -23 -15 -6 28 -4 -18
right_child=2 4 3 6 8 11 19 17 15 18 14 16 21 25 -16 -17 29 -19 -20 23 -22 24 -24 -25 -26 -27 -28 -29 -30 -31
leaf_value=71543.419129241942 75501.350637682423 71887.627155214359 72063.859060981064 72453.056355599256 71876.114614768783 71516.327924550904 73204.007046978673 72478.506052475539 72303.575662615913 72434.826106724271 72917.366655348713 71662.854004205525 71314.836867397971 71670.198447275703 73590.795392213869 71939.359808339766 72134.019535348227 73750.213664003415 73331.679205273147 73224.134982057614 71919.856562419736 71444.494041015103 72513.292464410624 74295.094358553833 71913.867486360265 72199.660540438286 71640.056562686368 72342.787176465688 71604.570664553437 71787.229245524853
leaf_weight=1236 37 80 245 179 347 2960 63 22 262 65 236 490 2601 1371 80 726 247 45 49 20 513 374 109 54 91 57 1286 110 87 170
leaf_count=1236 37 80 245 179 347 2960 63 22 262 65 236 490 2601 1371 80 726 247 45 49 20 513 374 109 54 91 57 1286 110 87 170
internal_value=71705.1 71616.7 72727.5 72641.1 71889.3 71520.4 73027.1 72532.2 71836.8 72202.3 72858.3 71614.6 71404.5 71573.3 73087.9 72035.9 71814.5 73332.6 72820.3 73637 71745.1 71348.4 72248.5 74005.6 71536.3 71691.3 71690.2 72042.9 71943.5 71992.6
internal_weight=0 12987 1225 1188 3390 9597 632 256 3134 556 495 5295 4302 4388 316 988 907 67 114 137 2146 3066 189 74 465 1428 1633 442 332 417
internal_count=14212 12987 1225 1188 3390 9597 632 256 3134 556 495 5295 4302 4388 316 988 907 67 114 137 2146 3066 189 74 465 1428 1633 442 332 417
is_linear=0
shrinkage=1


Tree=1
num_leaves=31
num_cat=0
split_feature=0 0 2 2 4 2 5 5 4 9 5 2 5 6 6 6 0 8 3 5 4 8 0 6 0 0 9 9 4 5
split_gain=4.98593e+11 1.24263e+11 1.05976e+11 7.24916e+10 5.00377e+10 4.8225e+10 2.79149e+10 2.51144e+10 1.98178e+10 1.8236e+10 1.63146e+10 1.62566e+10 1.57814e+10 1.22952e+10 1.21963e+10 1.13505e+10 9.21459e+09 8.03219e+09 8.01704e+09 7.38619e+09 7.52011e+09 6.42659e+09 6.28041e+09 5.78136e+09 5.24675e+09 4.99679e+09 4.77386e+09 4.7172e+09 4.71497e+09 4.57476e+09
threshold=91363.390625000015 75746.906250000015 0.20317098965633176 0.54418421489417379 0.0093104453011425524 0.33188748685594116 0.0028812391061195505 0.0052537603169477516 0.009028335577030552 28.411442515917411 0.0067821836078328507 0.50258368718953761 1.0000000180025095e-35 17.193434723922532 10.243340624373632 13.739881083257687 111372.63671875001 34.533392492288712 0.38525198364066177 0.0088468399329081019 0.0099547464367390516 22.156902151236324 58525.492187500007 13.413453219316361 62716.482421875007 80899.003906250015 32.502672865059814 32.077486221084683 0.011962135632984301 0.0015346372733770501
decision_type=2 2 2 2 2 2 2 2 2 2 2 2 2 2 2 2 2 2 2 2 2 2 2 2 2 2 2 2 2 2
left_child=1 4 -2 6 9 13 21 12 -8 15 27 25 -6 -3 16 -1 -10 22 -11 26 -21 -4 -14 -20 -9 -7 29 -5 -16 -13
right_child=2 5 3 10 7 11 8 24 14 18 -12 19 17 -15 28 -17 -18 -19 23 20 -22 -23 -24 -25 -26 -27 -28 -29 -30 -31
leaf_value=-216.85702858842865 3606.450876266892 868.94837414236633 1257.6445465588179 -35.476668205556948 -39.608738086033611 220.9620467157323 2210.8564717610675 -29.246606448987549 988.74148123891746 -302.97880157423606 896.73848509661912 94.827245495076085 -460.2847761736752 2075.403329017639 2507.2625023251489 -397.53662058436879 1583.8760885217689 -52.391987259948955 192.32292253155458 -57.736892186815503 438.36447448444727 679.57706741131358 -226.61436314212438 1077.3905709402902 166.15985007746013 521.91403415555794 241.92434639842097 353.47250535645463 1619.576104765672 -90.987446609579308
leaf_weight=1384 37 136 61 129 2334 233 69 519 228 81 113 735 354 25 21 2337 91 544 152 107 267 227 1532 21 1016 338 269 197 52 603
leaf_count=1384 37 136 61 129 2334 233 69 519 228 81 113 735 354 25 21 2337 91 544 152 107 267 227 1532 21 1016 338 269 197 52 603
internal_value=0 -83.9724 971.26 889.187 -163.449 217.003 1188.21 -75.7934 1429.47 -302.354 379.018 164.054 -132.465 1056.29 1291.93 -330.334 1158.51 -221.652 107.547 96.3027 296.432 802.015 -270.474 299.759 100.091 399.109 49.7263 199.563 1874.94 11.0856
internal_weight=0 12987 1225 1188 10274 2713 749 6299 461 3975 439 2552 4764 161 392 3721 319 2430 254 1981 374 288 1886 173 1535 571 1607 326 73 1338
internal_count=14212 12987 1225 1188 10274 2713 749 6299 461 3975 439 2552 4764 161 392 3721 319 2430 254 1981 374 288 1886 173 1535 571 1607 326 73 1338
is_linear=0
shrinkage=0.05


Tree=2
num_leaves=31
num_cat=0
split_feature=0 0 9 3 4 3 3 6 1 8 0 6 5 5 5 5 7 9 6 0 1 4 5 6 8 1 0 3 6 0
split_gain=4.50618e+11 1.15691e+11 7.75866e+10 6.99482e+10 3.81766e+10 3.74869e+10 3.45316e+10 2.59178e+10 1.85694e+10 1.28718e+10 1.27182e+10 1.27029e+10 1.19981e+10 1.18052e+10 1.09783e+10 1.05196e+10 9.73336e+09 9.28394e+09 8.29243e+09 7.03531e+09 6.87786e+09 6.79045e+09 6.53045e+09 6.39394e+09 5.91774e+09 5.426e+09 5.27284e+09 5.17659e+09 5.01824e+09 5.00815e+09
threshold=84979.609375000015 120701.34765625001 21.899476614509659 0.48809720669437251 0.0091731432244492022 0.77600868873252804 0.6887808509397898 10.063871451613545 0.0031340604801627504 22.241367290555619 78386.875000000015 3.3994627870268306 0.0056280469796272511 0.0035158832884858004 0.0067821836078328507 1.0000000180025095e-35 17.697656157445298 26.215777384267295 7.7044232247290294 54250.300781250007 0.0023136049965071007 0.009028335577030552 0.0028812391061195505 8.9966463014221532 38.911493616075553 0.0032016272906763006 103451.69531250001 0.39136604701029776 2.7477371377295392 102761.16015625001
decision_type=2 2 2 2 2 2 2 2 2 2 2 2 2 2 2 2 2 2 2 2 2 2 2 2 2 2 2 2 2 2
left_child=2 3 4 14 23 11 8 13 10 -8 18 -3 15 -5 17 -6 -9 -2 -4 -10 -17 -15 -13 -1 25 -21 -19 -27 -23 -16
right_child=1 5 6 7 12 -7 9 16 19 -11 -12 22 -14 21 29 20 -18 26 -20 24 -22 28 -24 -25 -26 27 -28 -29 -30 -31
leaf_value=-101.15632723917381 -96.354408100904053 495.05657264709475 35.511870746885741 561.25549344093577 -48.428872844641838 3727.6700913649338 1751.4068640232088 2340.9855288418858 -537.83422810872401 578.59514237327141 142.89125731814414 1347.8010307675318 64.189957934319267 1596.8357184121776 537.37561493994485 -291.00309244922681 1351.8949428293965 246.57439033416381 -141.0043822951387 742.89243923611116 -88.59155684083845 161.35665405273437 2116.0944549183787 -354.94875543855602 689.67187903909132 -3.1892159179404933 657.76494100888567 257.81062388546565 978.20040349778105 1329.7701787775213
leaf_weight=271 177 20 1080 248 1513 26 32 33 30 87 898 42 838 43 213 1286 101 415 1733 45 623 20 81 2946 68 270 96 641 314 22
leaf_count=271 177 20 1080 248 1513 26 32 33 30 87 898 42 838 43 213 1286 101 415 1733 45 623 20 81 2946 68 270 96 641 314 22
internal_value=0 734.197 -102.315 608.898 -203.557 1981.25 52.6781 964.468 31.6678 893.973 -20.9354 1663.72 -105.377 829.18 316.506 -146.901 1595.48 215.725 -73.2342 216.877 -224.946 1005.43 1853.75 -333.569 238.988 206.931 323.823 180.456 929.288 611.557
internal_weight=0 1851 12361 1682 7477 169 4884 759 4765 119 3711 143 4260 625 923 3422 134 688 2813 1054 1909 377 123 3217 1024 956 511 911 334 235
internal_count=14212 1851 12361 1682 7477 169 4884 759 4765 119 3711 143 4260 625 923 3422 134 688 2813 1054 1909 377 123 3217 1024 956 511 911 334 235
is_linear=0
shrinkage=0.05


Tree=3
num_leaves=31
num_cat=0
split_feature=0 0 2 1 4 2 5 0 0 6 2 5 5 6 2 4 8 6 5 5 4 1 8 0 6 1 6 4 5 6
split_gain=4.08835e+11 1.01878e+11 8.65078e+10 6.24244e+10 4.03946e+10 3.97533e+10 2.11671e+10 1.94056e+10 1.64986e+10 1.41929e+10 1.38459e+10 1.3826e+10 1.28381e+10 1.06421e+10 8.35348e+09 8.25617e+09 6.99984e+09 6.87541e+09 6.69031e+09 6.41743e+09 6.48295e+09 5.71796e+09 5.72891e+09 5.5346e+09 5.34983e+09 5.14071e+09 8.91085e+09 5.4031e+09 5.02842e+09 4.21809e+09
threshold=91363.390625000015 75574.910156250015 0.20317098965633176 0.0025939140675826007 0.0093104453011425524 0.33188748685594116 0.0052537603169477516 113117.21093750001 111372.63671875001 13.739881083257687 0.50258368718953761 0.0035158832884858004 1.0000000180025095e-35 17.193434723922532 0.49049117901624634 0.009028335577030552 34.652692993555178 5.7574361121682331 0.0060044273731560509 0.0088468399329081019 0.0099547464367390516 0.0034518617357288503 38.911493616075553 58525.492187500007 10.243340624373632 0.0027702530847035006 22.48237490267358 0.027840860857544201 0.0028812391061195505 8.2788449081744933
decision_type=2 2 2 2 2 2 2 2 2 2 2 2 2 2 2 2 2 2 2 2 2 2 2 2 2 2 2 2 2 2
left_child=1 4 -2 8 9 13 12 11 -4 14 29 -5 25 -3 -1 -13 23 -9 -10 -12 -21 -8 -23 -14 -17 27 -27 -6 -19 -7
right_child=2 5 3 7 6 10 21 17 18 -11 19 15 16 -15 -16 24 -18 28 -20 20 -22 22 -24 -25 -26 26 -28 -29 -30 -31
leaf_value=179.78192024347973 3260.3577729096287 781.53210139555085 280.58439525845904 648.42132495048997 -83.403646805792988 263.435971476237 17.052920220606225 1288.0372740730409 622.64814488337595 -352.29968992483691 41.95652749632211 1860.3030791491999 -425.048258647811 1903.9561977539063 -197.78033542316703 983.22249422117739 -39.371198375805008 1321.4947207641603 1396.3804120744978 -59.544559143636832 399.86465671903949 142.90989551873918 554.64297248321827 -205.98207560150169 1517.1859480794271 278.46050494709016 -440.92435446519124 333.43452069317857 2249.584016022859 547.309798829947
leaf_weight=163 37 136 442 179 1932 375 953 63 65 2348 1646 41 354 25 1447 215 518 20 49 107 272 470 103 1554 60 250 52 81 54 201
leaf_count=163 37 136 442 179 1932 375 953 63 65 2348 1646 41 354 25 1447 215 518 20 49 107 272 470 103 1554 60 250 52 81 54 201
internal_value=0 -76.0604 879.481 805.329 -148.844 193.388 -69.8661 1145.28 418.908 -273.897 146.194 999.523 -121.999 955.822 -159.555 1198.41 -202.373 1671.93 955.217 84.6678 270.163 92.1018 216.921 -246.626 1099.72 -37.7713 154.593 -66.6307 1998.75 362.496
internal_weight=0 12987 1225 1188 10225 2762 6267 632 556 3958 2601 495 4741 161 1610 316 2426 137 114 2025 379 1526 573 1908 275 2315 302 2013 74 576
internal_count=14212 12987 1225 1188 10225 2762 6267 632 556 3958 2601 495 4741 161 1610 316 2426 137 114 2025 379 1526 573 1908 275 2315 302 2013 74 576
is_linear=0
shrinkage=0.05


Tree=4
num_leaves=31
num_cat=0
split_feature=0 9 2 1 4 2 5 0 6 0 0 5 5 6 1 4 1 2 6 5 0 1 0 6 1 7 1 6 0 5
split_gain=3.68974e+11 9.38475e+10 7.80733e+10 5.6338e+10 4.16544e+10 3.0398e+10 2.02427e+10 1.75136e+10 1.70211e+10 1.57713e+10 1.489e+10 1.2478e+10 9.11901e+09 8.53245e+09 7.68438e+09 7.45119e+09 7.24352e+09 6.72139e+09 6.20506e+09 6.038e+09 5.65098e+09 5.6443e+09 5.29606e+09 5.1145e+09 4.93943e+09 5.27465e+09 4.85264e+09 6.0126e+09 4.64224e+09 4.54762e+09
threshold=91363.390625000015 25.485990740943901 0.20317098965633176 0.0025939140675826007 0.0094821756703348508 0.33188748685594116 0.0052537603169477516 113117.21093750001 12.931116386348807 80713.148437500015 111372.63671875001 0.0035158832884858004 1.0000000180025095e-35 13.819292472324568 0.0037191790988049004 0.009028335577030552 0.0023136049965071007 0.48654319062748691 5.7574361121682331 0.0060044273731560509 73165.464843750015 0.0031480297333821507 73501.746093750015 4.1291409624364812 0.0039434839198145008 32.734602463867986 0.0027702530847035006 22.48237490267358 77114.636718750015 0.0089802343344111517
decision_type=2 2 2 2 2 2 2 2 2 2 2 2 2 2 2 2 2 2 2 2 2 2 2 2 2 2 2 2 2 2
left_child=1 4 -2 10 13 8 12 11 28 21 -4 -5 26 -1 -10 -13 -14 -11 -9 -12 24 -7 -18 -17 -8 -26 -6 -28 -3 -22
right_child=2 5 3 7 6 9 20 18 14 17 19 15 16 -15 -16 23 22 -19 -20 -21 29 -23 -24 -25 25 -27 27 -29 -30 -31
leaf_value=-181.50577084899209 3097.3398394610431 145.76633158683777 266.55517814083879 616.0002804463137 -68.389549976508405 -8.3681937746250039 -10.891145828903699 1223.6354055979896 596.68840276544745 481.32098969192242 591.51574387770438 1767.2879364758003 -247.90571613662024 -337.14562398934913 1736.9232919650608 313.50691743330526 -131.17004313079244 193.03032421605195 1898.8116064123205 1326.561381063656 16.485813758486795 181.39988746828968 173.49907575575688 1108.3226779560798 431.89409100526302 -19.686350413731166 287.21752291258218 -365.37088302789738 647.30713608068072 464.46494104505956
leaf_weight=1383 37 80 442 179 1889 1659 732 63 22 289 65 41 1552 2424 45 22 673 673 74 49 84 513 181 253 153 112 197 43 109 174
leaf_count=1383 37 80 442 179 1889 1659 732 63 22 289 65 41 1552 2424 45 22 673 673 74 49 84 513 181 253 153 112 197 43 109 174
internal_value=0 -72.2574 835.507 765.062 -152.141 153.892 -67.6747 1088.02 677.76 111.1 397.963 949.547 -116.856 -280.605 1362.52 1138.49 -183.551 279.637 1588.33 907.456 110.043 36.4527 -66.5973 1044.74 56.0708 241.037 -41.4828 170.295 435.015 318.611
internal_weight=0 12987 1225 1188 9597 3390 5790 632 256 3134 556 495 4535 3807 67 316 2406 962 137 114 1255 2172 854 275 997 265 2129 240 189 258
internal_count=14212 12987 1225 1188 9597 3390 5790 632 256 3134 556 495 4535 3807 67 316 2406 962 137 114 1255 2172 854 275 997 265 2129 240 189 258
is_linear=0
shrinkage=0.05


Tree=5
num_leaves=31
num_cat=0
split_feature=0 0 1 2 3 4 0 8 0 8 5 9 5 5 2 4 1 1 5 1 2 8 5 2 0 1 5 9 0 9
split_gain=3.38827e+11 8.39308e+10 6.54951e+10 3.67145e+10 2.95703e+10 2.85974e+10 1.56667e+10 1.2996e+10 1.27643e+10 1.16115e+10 1.09813e+10 8.72306e+09 8.4451e+09 7.24904e+09 7.04432e+09 6.23516e+09 6.20202e+09 5.82271e+09 5.71769e+09 5.67655e+09 5.57781e+09 1.26333e+10 5.46213e+09 5.38405e+09 4.49614e+09 4.49359e+09 4.37529e+09 4.16266e+09 3.81263e+09 3.60416e+09
threshold=91363.390625000015 73031.972656250015 0.0025939140675826007 0.20317098965633176 0.5024275588179189 0.0091731432244492022 111372.63671875001 35.392113189936801 113117.21093750001 22.241367290555619 0.012563731535587251 20.937741483072816 0.0035158832884858004 0.013262627257376201 0.66433433340851622 0.0098053187488015524 0.0023208159031394004 0.0037191790988049004 0.0057019894462756009 0.0040036911454883507 0.49049117901624634 26.623584828095822 1.0000000180025095e-35 0.41377943198148154 85678.878906250015 0.0049479929014042507 0.0064455217501439011 37.599606882032163 90021.839843750015 24.647703889554009
decision_type=2 2 2 2 2 2 2 2 2 2 2 2 2 2 2 2 2 2 2 2 2 2 2 2 2 2 2 2 2 2
left_child=1 5 6 -4 10 11 13 16 12 17 14 -1 -5 23 28 27 29 -6 -10 -11 21 -13 -18 -2 -21 -9 -24 -14 -3 -7
right_child=2 4 3 8 9 7 -8 25 18 19 -12 20 15 -15 -16 -17 22 -19 -20 24 -22 -23 26 -25 -26 -27 -28 -29 -30 -31
leaf_value=-295.91821353593269 723.37463240189982 101.80923068856352 2743.145998517205 663.10447214299984 667.82161010293407 -195.94703133481119 924.40447273254404 22.114666630441871 1110.2158906724719 236.59301392229045 369.14168159970632 1152.8584434226707 2031.0281372070312 1008.5122626495363 -48.464814387499523 1002.8726044561213 146.2581535720206 1673.013431640625 1786.8788588240341 418.39003764098544 -169.03652570355499 -55.240187289736689 -169.32506384690373 136.45076130645666 883.06637508558197 382.10448878329737 35.264853468870044 1079.3117590332031 638.45633024327901 -48.347722864997458
leaf_weight=2932 44 1246 34 176 34 2245 112 1501 54 383 267 27 27 30 1323 275 308 25 74 212 619 109 689 349 69 92 421 20 34 507
leaf_count=2932 44 1246 34 176 34 2245 112 1501 54 383 267 27 27 30 1323 275 308 25 74 212 619 109 689 349 69 92 421 20 34 507
internal_value=0 -69.9391 809.713 1142.98 135.759 -148.148 398.577 -78.5765 1056.07 421.544 63.7644 -256.892 941.607 259.35 32.4406 1093.83 -124.984 1093.75 1501.41 361.815 -105.335 184.603 -40.0359 202.162 532.492 42.905 -91.7283 1626.04 116.064 -168.755
internal_weight=0 13043 1195 660 3593 9450 535 5763 626 723 2870 3687 498 423 2603 322 4170 59 128 664 755 136 1418 393 281 1593 1110 47 1280 2752
internal_count=14238 13043 1195 660 3593 9450 535 5763 626 723 2870 3687 498 423 2603 322 4170 59 128 664 755 136 1418 393 281 1593 1110 47 1280 2752
is_linear=0
shrinkage=0.05


Tree=6
num_leaves=31
num_cat=0
split_feature=0 0 1 2 2 4 6 0 8 0 5 0 4 9 5 6 5 1 4 9 5 2 8 6 5 6 2 5 1 1
split_gain=3.05791e+11 7.57476e+10 5.91093e+10 3.31348e+10 2.64938e+10 2.58092e+10 1.48347e+10 1.41392e+10 1.17383e+10 1.15198e+10 1.01377e+10 8.79998e+09 8.12242e+09 7.87256e+09 7.6217e+09 8.29096e+09 6.54226e+09 5.62861e+09 5.49833e+09 5.23333e+09 5.16021e+09 5.03398e+09 1.14015e+10 5.72707e+09 4.89414e+09 5.31802e+09 4.85911e+09 4.67069e+09 4.83798e+09 4.65573e+09
threshold=91363.390625000015 73031.972656250015 0.0025939140675826007 0.20317098965633176 0.47117576902773906 0.0091731432244492022 12.931116386348807 111372.63671875001 35.438671481184294 113117.21093750001 0.0056280469796272511 78608.156250000015 0.0099547464367390516 20.937741483072816 0.0035158832884858004 7.2348470997496674 0.013262627257376201 0.0023208159031394004 0.011998895776147251 19.215953738363165 0.0057019894462756009 0.49049117901624634 26.623584828095822 10.475431287733667 1.0000000180025095e-35 22.48237490267358 0.41377943198148154 0.016176661209247854 0.0040389182176460503 0.0021215522193240503
decision_type=2 2 2 2 2 2 2 2 2 2 2 2 2 2 2 2 2 2 2 2 2 2 2 2 2 2 2 2 2 2
left_child=1 5 7 -4 6 13 -3 16 17 14 19 -8 -12 -1 -5 -16 26 -7 -17 -6 -11 22 -15 29 25 -19 -2 28 -14 -23
right_child=2 4 3 9 10 8 11 -9 -10 20 12 -13 27 21 15 18 -18 24 -20 -21 -22 23 -24 -25 -26 -27 -28 -29 -30 -31
leaf_value=-281.12230572796227 687.20589894381442 310.21952140611762 2605.988705264821 629.9492422970859 -172.26806807681493 -159.69803122543163 188.81656494140626 878.18425636291511 42.584621242419445 1054.7051054777924 -46.613684608286079 1241.5017986653647 165.7354526638367 1095.215510615596 838.35946007160226 1703.6084686279298 958.0865928141277 227.11065294194498 1037.3684723377228 39.658906973321066 1697.5348867055532 107.19448088591319 -52.478173184176107 -304.30182744530725 -85.980027083266478 -350.65414772845332 129.62822013522972 647.6586438409214 533.97562229551124 -372.7443046335074
leaf_weight=2932 44 595 34 176 350 2771 27 112 1558 54 220 75 386 27 198 60 30 261 64 1737 74 227 109 327 1126 47 349 87 116 65
leaf_count=2932 44 595 34 176 350 2771 27 112 1558 54 220 75 386 27 198 60 30 261 64 1737 74 227 109 327 1126 47 349 87 116 65
internal_value=0 -66.4422 769.227 1085.83 128.971 -140.74 405.726 378.648 -74.6477 1003.27 62.3619 962.85 212.616 -244.047 894.527 1039.14 246.383 -118.084 1359.74 4.11773 1426.34 -100.068 175.373 -160.585 -37.6697 138.945 192.054 309.442 250.827 0.358792
internal_weight=0 13043 1195 660 3593 9450 697 535 5763 626 2896 102 809 3687 498 322 423 4205 124 2087 128 755 136 619 1434 308 393 589 502 292
internal_count=14238 13043 1195 660 3593 9450 697 535 5763 626 2896 102 809 3687 498 322 423 4205 124 2087 128 755 136 619 1434 308 393 589 502 292
is_linear=0
shrinkage=0.05


Tree=7
num_leaves=31
num_cat=0
split_feature=0 0 2 2 4 2 5 6 6 9 5 5 0 1 5 0 5 1 5 1 4 5 6 1 6 9 9 0 6 7
split_gain=2.75977e+11 6.85952e+10 5.37024e+10 3.24464e+10 2.54104e+10 2.20654e+10 1.3008e+10 1.20121e+10 1.19945e+10 1.19608e+10 1.10288e+10 9.79119e+09 9.60685e+09 8.18026e+09 7.29669e+09 6.9872e+09 6.79716e+09 6.20627e+09 5.54363e+09 5.03738e+09 5.00572e+09 4.98478e+09 4.50869e+09 4.03408e+09 4.9115e+09 4.72971e+09 4.01829e+09 3.88129e+09 3.7644e+09 3.57964e+09
threshold=91363.390625000015 75574.910156250015 0.56722865899220987 0.20317098965633176 0.0091731432244492022 0.33188748685594116 0.0052537603169477516 9.7655300607586906 17.193434723922532 27.817823133938628 0.0066594589788299512 1.0000000180025095e-35 120701.34765625001 0.0056156122869813006 0.0057455520500426004 58525.492187500007 0.0082951550548361532 0.0040036911454883507 0.0053397156469416505 0.0039434839198145008 0.012267161344861751 0.016176661209247854 2.7477371377295392 0.0023663972523472005 22.48237490267358 30.206596820420526 33.493410402196211 61700.951171875007 14.060384094471493 33.19429985219459
decision_type=2 2 2 2 2 2 2 2 2 2 2 2 2 2 2 2 2 2 2 2 2 2 2 2 2 2 2 2 2 2
left_child=1 4 3 -2 9 8 11 12 -3 28 -7 22 13 -5 -4 -13 -14 21 -9 27 -15 -12 -6 25 -25 -24 -23 -8 -1 -21
right_child=2 5 14 7 6 10 19 18 -10 -11 17 15 16 20 -16 -17 -18 -19 -20 29 -22 26 23 24 -26 -27 -28 -29 -30 -31
leaf_value=-182.36070080232483 2475.6892664292282 524.28520942862713 129.04013441929081 660.39461126268532 667.89845841449244 55.701337802364357 -127.9923498878163 815.10567238943918 1648.0775700010101 97.099903623292377 117.46490256421201 -346.73012927249397 917.19630467006141 1814.9971228966349 638.44513918835185 -131.11136516282858 1704.8355230034722 535.10544922208533 1557.8665697076349 303.12905394676886 777.09602632068459 654.21627187421245 -78.289569755222487 212.93466155083627 -313.04195694833436 309.51513830045377 129.38546756108602 70.892346327000936 -287.32662528972173 3.8031518257704358
leaf_weight=1381 34 131 298 485 23 1823 362 35 29 271 444 462 70 26 92 2012 45 183 89 303 21 93 1909 273 53 82 60 761 2239 149
leaf_count=1381 34 131 298 485 23 1823 362 35 29 271 444 462 70 26 92 2012 45 183 89 303 21 93 1909 273 53 82 60 761 2239 149
internal_value=0 -63.1201 730.766 964.067 -122.566 158.054 -61.2189 897.407 727.973 -223.297 123.022 -102.027 811.007 721.429 249.207 -171.376 1225.4 280.364 1348.22 63.5115 1351.25 202.277 -28.7064 -35.6213 127.423 -62.3177 448.4 6.7817 -247.283 204.457
internal_weight=0 13043 1195 805 10280 2763 6389 771 160 3891 2603 4814 647 532 390 2474 115 780 124 1575 47 597 2340 2317 326 1991 153 1123 3620 452
internal_count=14238 13043 1195 805 10280 2763 6389 771 160 3891 2603 4814 647 532 390 2474 115 780 124 1575 47 597 2340 2317 326 1991 153 1123 3620 452
is_linear=0
shrinkage=0.05


Tree=8
num_leaves=31
num_cat=0
split_feature=0 0 1 2 3 4 6 0 8 0 2 9 1 6 1 6 4 9 1 6 7 2 7 2 7 0 1 3 4 6
split_gain=2.49069e+11 6.20103e+10 4.91793e+10 2.68685e+10 2.2404e+10 2.125e+10 1.28234e+10 1.18243e+10 1.06904e+10 9.64326e+09 7.47961e+09 5.49678e+09 6.64189e+09 4.87817e+09 5.95619e+09 4.54379e+09 4.51766e+09 4.44655e+09 4.77215e+09 4.28037e+09 4.40769e+09 3.75358e+09 3.50744e+09 2.91342e+09 2.88703e+09 2.84806e+09 3.56079e+09 2.71949e+09 2.68002e+09 2.65178e+09
threshold=91363.390625000015 73031.972656250015 0.0025939140675826007 0.20317098965633176 0.5024275588179189 0.0082995517228197022 12.183658197626771 111372.63671875001 38.0560490411196 113117.21093750001 0.36464306733730695 20.937741483072816 0.0032823322004331005 11.334995534622701 0.0056156122869813006 5.6160235642552765 0.012267161344861751 20.277515781595064 0.0026090079028322005 15.822410586321531 35.355814102299043 0.54960473453683112 16.686235321722389 0.51266050172308819 43.223087336452885 74092.687500000015 0.0034933155496409507 0.64353062829942531 0.010519535215320801 4.8122149541693018
decision_type=2 2 2 2 2 2 2 2 2 2 2 2 2 2 2 2 2 2 2 2 2 2 2 2 2 2 2 2 2 2
left_child=1 5 7 -4 19 11 -6 21 17 13 -8 -1 -13 14 29 -11 -16 18 27 20 25 -2 -9 -10 -20 26 -3 -7 -23 -5
right_child=2 4 3 9 6 8 10 22 23 15 -12 12 -14 -15 16 -17 -18 -19 24 -21 -22 28 -24 -25 -26 -27 -28 -29 -30 -31
leaf_value=-262.89637789408732 471.37918975264938 -189.51710716131572 2351.9047995174633 454.85735889865509 272.13362990783543 -184.36398229437589 1253.4273750204136 446.93675856156779 401.98613829681841 929.70687025481584 459.9222027686335 -130.45757577585618 717.74409513473518 1236.0420718176892 1724.2473099928638 1538.1974759622053 738.24119814918163 -47.916380621851459 -85.70625834736876 -215.46439886638098 -32.809995795279434 -346.52246387622978 1019.8559556512272 63.248112585084584 143.64378583623076 127.67969011345622 347.5155433067909 362.22355001698372 174.45123016569352 760.56403331947968
leaf_weight=2613 108 148 34 93 604 2151 57 44 69 51 62 602 24 59 26 77 21 2352 649 140 776 27 68 793 174 1767 39 23 288 299
leaf_count=2613 108 148 34 93 604 2151 57 44 69 51 62 602 24 59 26 77 21 2352 649 140 776 27 68 793 174 1767 39 23 288 299
internal_value=0 -59.9641 694.227 983.017 116.843 -127.188 365.601 337.963 -73.0433 908.669 840.005 -231.015 -97.9387 809.177 751.808 1295.75 1283.69 -99.3764 -139.761 54.1774 68.0051 217.009 794.781 90.3629 -37.2167 108.042 -77.5156 -178.581 129.796 688.037
internal_weight=0 13043 1195 660 3593 9450 723 535 6211 626 119 3239 626 498 439 128 47 5349 2997 2870 2730 423 112 862 823 1954 187 2174 315 392
internal_count=14238 13043 1195 660 3593 9450 723 535 6211 626 119 3239 626 498 439 128 47 5349 2997 2870 2730 423 112 862 823 1954 187 2174 315 392
is_linear=0
shrinkage=0.05


Tree=9
num_leaves=31
num_cat=0
split_feature=0 0 1 2 0 2 3 0 6 5 8 0 6 5 6 5 1 9 5 5 1 7 5 2 9 6 5 3 7 3
split_gain=2.24785e+11 5.60915e+10 4.43843e+10 2.42489e+10 2.05476e+10 1.81897e+10 1.19815e+10 1.06715e+10 1.00568e+10 9.73641e+09 9.4974e+09 8.70304e+09 6.14217e+09 6.08477e+09 5.92791e+09 5.62615e+09 5.42823e+09 4.67502e+09 4.48547e+09 4.21258e+09 4.18417e+09 5.62344e+09 4.05254e+09 3.84531e+09 3.66195e+09 3.5477e+09 3.42943e+09 3.20548e+09 3.16546e+09 3.15006e+09
threshold=91363.390625000015 75574.910156250015 0.0025939140675826007 0.20317098965633176 58525.492187500007 0.33188748685594116 0.38003308207561198 111372.63671875001 17.193434723922532 0.0066594589788299512 38.419642211204931 113117.21093750001 9.6621596876156293 0.0035158832884858004 7.2348470997496674 0.013262627257376201 0.0040036911454883507 19.350382625865063 0.016176661209247854 0.0057019894462756009 0.0018193927895031002 46.544791568741672 0.016176661209247854 0.41377943198148154 33.493410402196211 12.931116386348807 0.00032695184265800004 0.5357990388360917 16.686235321722389 0.32199195295077881
decision_type=2 2 2 2 2 2 2 2 2 2 2 2 2 2 2 2 2 2 2 2 2 2 2 2 2 2 2 2 2 2
left_child=1 4 7 -4 12 8 10 15 -3 29 17 13 -1 -5 -15 23 18 -6 -11 -13 -14 22 -22 -2 -20 -8 -23 -21 -9 -7
right_child=2 5 3 11 6 9 25 28 -10 16 -12 19 20 14 -16 -17 -18 -19 24 27 21 26 -24 -25 -26 -27 -28 -29 -30 -31
leaf_value=-0.96010748761371512 596.25695123238995 473.97717499478176 2234.3095746208642 532.31764800331814 -168.02431525921651 -20.285791193093246 28.680061954061355 424.5899110273881 1503.0023738466462 105.5847637395601 83.300424368051381 895.18198536060481 -275.01246030603801 728.15750227648812 1169.0221656553208 866.15407226562502 497.30498694331277 -69.597940458093404 615.98672678957701 985.96575662364148 -221.1877861436291 255.09142908732099 482.85158749534969 100.24393676932698 114.96729553222656 233.25369040593506 -295.51291413178313 1696.9882960899204 968.86314200233016 111.26005412761052
leaf_weight=309 44 131 34 176 2487 877 1231 44 29 444 650 54 2060 198 124 30 183 2343 93 23 766 120 21 349 60 256 37 51 68 946
leaf_count=309 44 131 34 176 2487 877 1231 44 29 444 650 54 2060 198 124 30 183 2343 93 23 766 120 21 349 60 256 37 51 68 946
internal_value=0 -56.9659 659.516 933.866 -110.721 143.037 -61.9752 321.065 660.488 111.23 -96.1312 863.235 -213.231 768.719 897.931 206.159 259.066 -120.278 186.038 1230.96 -235.066 -147.895 -202.401 155.777 419.509 63.8992 125.331 1475.99 755.042 47.9766
internal_weight=0 13043 1195 660 10280 2763 6967 535 160 2603 5480 626 3313 498 322 423 780 4830 597 128 3004 944 787 393 153 1487 157 74 112 1823
internal_count=14238 13043 1195 660 10280 2763 6967 535 160 2603 5480 626 3313 498 322 423 780 4830 597 128 3004 944 787 393 153 1487 157 74 112 1823
is_linear=0
shrinkage=0.05


Tree=10
num_leaves=31
num_cat=0
split_feature=0 1 0 9 2 5 3 1 3 9 4 5 4 8 4 9 0 8 3 2 7 4 5 8 5 8 7 2 1 0
split_gain=2.04626e+11 6.3919e+10 3.50148e+10 3.35732e+10 1.64394e+10 1.82326e+10 1.37209e+10 1.3252e+10 1.29168e+10 1.15405e+10 1.03579e+10 1.00844e+10 9.47025e+09 8.69277e+09 8.11327e+09 6.51121e+09 5.07465e+09 5.70931e+09 5.61079e+09 4.69379e+09 4.67528e+09 4.62856e+09 4.50584e+09 4.3193e+09 4.30101e+09 4.25295e+09 4.04355e+09 3.92961e+09 3.74165e+09 3.70651e+09
threshold=82126.574218750015 0.0021215522193240503 113117.21093750001 19.811784531105683 0.33962278749622515 0.0057019894462756009 0.50931480789821781 0.0031245314003730006 0.69938377088937598 42.459823987262432 0.0089748464053036013 0.006561380521323751 0.0086360908350269511 29.462219685182486 0.012214684417469651 34.549718818972572 68686.960937500015 36.698283178519468 0.12725165432681437 0.22051222133762483 17.697656157445298 0.017306493824610202 0.0024354011635548006 38.0560490411196 0.0046509894954253009 37.501843678362356 18.558600057538953 0.49715142543728902 0.0032016272906763006 68425.636718750015
decision_type=2 2 2 2 2 2 2 2 2 2 2 2 2 2 2 2 2 2 2 2 2 2 2 2 2 2 2 2 2 2
left_child=3 11 6 10 5 -4 22 16 24 -6 -1 15 -10 19 -15 21 17 -5 -19 20 -8 -2 -3 27 28 -26 -16 -12 -9 -30
right_child=1 2 4 7 9 -7 13 8 12 -11 23 -13 -14 14 26 -17 -18 18 -20 -21 -22 -23 -24 -25 25 -27 -28 -29 29 -31
leaf_value=-232.86203785637628 111.27456849268241 120.57688287433825 3119.7967388916018 -133.88623975784549 1995.2425381469727 1396.5136644767992 496.13713919899686 512.24628906250007 1394.7180456542969 682.73847161450431 178.96690055996766 437.39374908835202 105.17141621907552 1449.3609405517579 1192.9637152256109 250.72198378641099 16.302115158243399 394.29482369995117 -25.510245241262975 515.8485846553624 1478.0624371563947 -185.69177560967009 460.68876988738231 36.666206888791898 121.81359636770713 404.50386835588733 590.12278489574953 -136.99416635334384 -201.18462350739907 86.008577878345818
leaf_weight=2813 258 152 20 1674 20 66 22 33 35 103 102 236 24 63 39 305 2338 100 390 363 27 267 271 476 555 175 97 2793 199 258
leaf_count=2813 258 152 20 1674 20 66 22 33 35 103 102 236 24 63 39 305 2338 100 390 363 27 267 271 476 555 175 97 2793 199 258
internal_value=0 433.064 676.685 -81.0444 1266.95 1797.28 557.377 5.58067 147.61 896.154 -162.024 148.991 870.157 708.925 980.288 66.9872 -34.7692 -89.9469 60.1643 577.854 1037.2 -39.754 338.474 -102.912 112.667 189.582 762.996 -125.862 -1.92122 -39.0493
internal_weight=0 2309 1243 11965 209 86 1034 5781 1279 123 6184 1066 59 611 199 830 4502 2164 490 412 49 525 423 3371 1220 730 136 2895 490 457
internal_count=14274 2309 1243 11965 209 86 1034 5781 1279 123 6184 1066 59 611 199 830 4502 2164 490 412 49 525 423 3371 1220 730 136 2895 490 457
is_linear=0
shrinkage=0.05


Tree=11
num_leaves=31
num_cat=0
split_feature=9 2 9 1 4 4 1 5 2 7 4 5 5 6 6 6 5 3 5 8 1 8 2 5 4 4 7 8 8 4
split_gain=1.68855e+11 4.50389e+10 3.26359e+10 2.13669e+10 1.78183e+10 1.32518e+10 1.3189e+10 1.30299e+10 1.01973e+10 8.68797e+09 8.85414e+09 6.5964e+09 6.10739e+09 5.67132e+09 5.2768e+09 5.21692e+09 1.04809e+10 5.16564e+09 4.96635e+09 4.93398e+09 4.64913e+09 4.53442e+09 4.35408e+09 4.20326e+09 3.53589e+09 3.49487e+09 3.97665e+09 3.48315e+09 3.3402e+09 3.54253e+09
threshold=32.943486867548195 0.22051222133762483 20.444997859747744 0.0025939140675826007 0.012701349030446202 0.0091731432244492022 0.0024906210535070505 0.0061634165773313508 0.38308844002423342 20.954865225198684 0.0075785277698456012 0.0026700199318198505 0.0056280469796272511 10.243340624373632 5.5788743246216024 8.4895973768673674 0.013598002717892603 0.13482108950827412 0.0091828083591566027 22.241367290555619 0.0055672914756099007 40.01219951488649 0.78792019698510096 0.00012443719132440004 0.0090067382473985515 0.025121572556836304 19.790126297986557 27.626727781126011 29.142717127864184 0.01398546278303475
decision_type=2 2 2 2 2 2 2 2 2 2 2 2 2 2 2 2 2 2 2 2 2 2 2 2 2 2 2 2 2 2
left_child=2 7 5 19 9 14 15 -2 -8 13 18 -6 23 -5 -1 16 17 -4 -11 -3 -12 28 -21 -7 -9 26 27 -13 -10 -30
right_child=1 3 6 4 11 12 8 24 21 10 20 25 -14 -15 -16 -17 -18 -19 -20 22 -22 -23 -24 -25 -26 -27 -28 -29 29 -31
leaf_value=380.87970439063179 2401.1145406869741 689.88027826944995 201.97583792397145 816.43342032755231 35.361183387354799 -48.162616783406612 663.21750574747728 1403.1595213623934 266.87317275501238 740.81170988537019 344.10736595540556 269.70405815972225 47.368936297285543 1412.5424560546876 -228.07498682749625 -85.819746596522336 460.6541695797082 -36.368482715538129 1620.1009749192458 189.51269632965074 930.73527740478517 490.02862336510111 -422.42660624186203 -167.53644721927537 715.08586869673309 22.373112650120515 370.89894500600883 938.21895284925199 -27.63200552659492 151.25925212178393
leaf_weight=36 26 48 267 133 152 1370 90 43 229 42 217 27 749 57 3011 1918 132 1530 26 936 40 76 30 1597 33 47 232 70 584 526
leaf_count=36 26 48 267 133 152 1370 90 43 229 42 217 27 749 57 3011 1918 132 1530 26 936 40 76 30 1597 33 47 232 70 584 526
internal_value=0 409.383 -70.5838 358.53 517.421 -143.587 21.6664 1434.93 147.157 726.676 569.654 313.319 -80.2097 995.266 -220.88 -27.4271 30.6325 -0.955053 1077.01 195.094 435.411 114.333 170.508 -112.416 1104.39 425.685 483.301 752.137 93.0091 57.1399
internal_weight=0 2159 12115 2057 1043 6763 5352 102 1505 515 325 528 3716 190 3047 3847 1929 1797 68 1014 257 1415 966 2967 76 376 329 97 1339 1110
internal_count=14274 2159 12115 2057 1043 6763 5352 102 1505 515 325 528 3716 190 3047 3847 1929 1797 68 1014 257 1415 966 2967 76 376 329 97 1339 1110
is_linear=0
shrinkage=0.05


Tree=12
num_leaves=31
num_cat=0
split_feature=0 1 0 9 2 5 5 1 3 9 0 5 4 4 8 9 1 7 1 8 4 5 4 0 2 9 8 7 5 8
split_gain=1.70476e+11 5.31497e+10 2.94981e+10 2.69215e+10 1.37122e+10 1.54525e+10 1.15395e+10 1.06481e+10 1.05097e+10 1.0015e+10 8.85152e+09 8.70433e+09 8.35714e+09 8.02514e+09 5.49433e+09 5.39212e+09 5.27353e+09 6.87808e+09 5.09002e+09 4.63307e+09 4.47003e+09 4.7312e+09 4.20565e+09 3.97599e+09 5.04045e+09 4.26722e+09 3.94174e+09 3.86011e+09 3.6971e+09 3.74835e+09
threshold=82126.574218750015 0.0021215522193240503 113117.21093750001 19.811784531105683 0.33962278749622515 0.0057019894462756009 0.0028133689400005007 0.0031245314003730006 0.69938377088937598 42.459823987262432 91363.390625000015 0.006561380521323751 0.0089748464053036013 0.0086360908350269511 29.462219685182486 34.549718818972572 0.0035884340755969507 34.404734890416115 0.0056156122869813006 24.362382820412616 0.013474586485223051 0.018237520920636251 0.017306493824610202 79062.527343750015 0.60199759076558312 38.359812701562277 40.654018066520827 32.877600954765761 0.0046509894954253009 37.501843678362356
decision_type=2 2 2 2 2 2 2 2 2 2 2 2 2 2 2 2 2 2 2 2 2 2 2 2 2 2 2 2 2 2
left_child=3 11 6 12 5 -4 -3 20 28 -6 16 15 -1 -10 -12 22 17 -8 -16 -18 23 -22 -2 26 25 -25 -5 -14 -9 -30
right_child=1 2 4 7 9 -7 10 8 13 -11 14 -13 27 -15 18 -17 19 -19 -20 -21 21 -23 -24 24 -26 -27 -28 -29 29 -31
leaf_value=-210.13990490044137 106.85946121067964 251.45636507628802 2861.0512664794924 -112.84171341182039 1844.4127264404299 1274.5817830403648 115.02961433156332 -6.8699423902861927 1265.5267622593472 621.72747616073457 601.42437322926151 404.16118630393078 12.053030080933503 78.439518229166666 874.6046391687895 227.23376074118693 1345.6684875488281 1010.8210654296877 1619.5986929434318 538.77537116293581 8.9410794357349417 470.92143241480784 -176.21492072384012 482.30205719302404 -113.11499222927408 -287.54825383966619 234.41372607062846 -120.55702714582115 107.05917717108855 372.45002091053556
leaf_weight=2813 258 308 20 2118 20 66 150 490 35 103 191 236 690 24 152 305 20 25 27 161 1999 57 267 99 122 22 85 2681 555 175
leaf_count=2813 258 308 20 2118 20 66 150 490 35 103 191 236 690 24 152 305 20 25 27 161 1999 57 267 99 122 22 85 2681 555 175
internal_value=0 395.257 617.41 -73.995 1159.18 1643.53 507.902 3.57555 130.888 820.538 616.697 136.218 -146.51 782.644 787.949 60.0321 438.711 243 986.978 627.935 -32.5935 21.7489 -37.1041 -78.2714 113.67 342.329 -99.4433 -93.4135 99.3691 170.68
internal_weight=0 2309 1243 11965 209 86 1034 5781 1279 123 726 1066 6184 59 370 830 356 175 179 181 4502 2056 525 2446 243 121 2203 3371 1220 730
internal_count=14274 2309 1243 11965 209 86 1034 5781 1279 123 726 1066 6184 59 370 830 356 175 179 181 4502 2056 525 2446 243 121 2203 3371 1220 730
is_linear=0
shrinkage=0.05


Tree=13
num_leaves=31
num_cat=0
split_feature=0 1 0 0 6 8 2 5 8 0 0 2 6 4 4 5 4 1 7 6 6 8 8 0 4 1 5 6 3 8
split_gain=1.53855e+11 4.79676e+10 2.67775e+10 2.51987e+10 1.35514e+10 1.41484e+10 1.32427e+10 1.22268e+10 1.16346e+10 1.00964e+10 7.91635e+09 7.5774e+09 6.39679e+09 5.94084e+09 5.70319e+09 5.68337e+09 5.06577e+09 4.75936e+09 6.20746e+09 4.71655e+09 4.47369e+09 4.38082e+09 4.18135e+09 4.15231e+09 3.83863e+09 4.50481e+09 4.40123e+09 4.39439e+09 3.70249e+09 3.58338e+09
threshold=82126.574218750015 0.0021215522193240503 120701.34765625001 67906.062500000015 6.5627026451035224 23.007901664216586 0.31360454736905186 0.0028133689400005007 36.698283178519468 91363.390625000015 111372.63671875001 0.6092827530049042 9.5429417137666359 0.012180213977549302 0.0086360908350269511 0.0072995218305473009 0.0091731432244492022 0.0035884340755969507 34.404734890416115 8.9100076946882201 10.063871451613545 42.731004323984415 24.362382820412616 77958.687500000015 0.027840860857544201 0.0027702530847035006 0.00011117850213420001 19.253413482221529 0.11998295033178381 33.866786680476544
decision_type=2 2 2 2 2 2 2 2 2 2 2 2 2 2 2 2 2 2 2 2 2 2 2 2 2 2 2 2 2 2
left_child=3 10 7 8 -4 -6 14 -3 16 17 15 12 -8 21 -5 29 19 18 -9 -1 -11 -13 -19 -14 25 -18 27 -27 -10 -2
right_child=1 2 4 6 5 -7 11 9 28 20 -12 13 23 -15 -16 -17 24 22 -20 -21 -22 -23 -24 -25 -26 26 -28 -29 -30 -31
leaf_value=62.177458114624031 119.19528202374778 246.83296898277672 764.16283895911238 1214.7246939823544 1239.2824407958985 2760.856045254794 31.5957617078789 109.27812208048505 342.16639579772954 689.5194284557906 651.40033174402572 -139.14249184934673 177.28734070782994 23.930299092205598 345.42021823459203 348.20019885592995 -152.74137670727086 1278.3851049804689 960.28002905273445 -212.5569806357658 1082.454901926141 380.78016328357518 511.83661448792645 534.45838361886842 294.22408384125805 257.55050712326198 -91.47906611191911 -249.17836820814347 -1.6486599866533185 -96.794133637168201
leaf_weight=165 510 333 82 29 50 22 972 150 85 305 68 1146 374 1761 54 180 2342 20 25 2936 95 42 161 104 58 206 643 54 994 308
leaf_count=165 510 333 82 29 50 22 972 150 85 305 68 1146 374 1761 54 180 2342 20 25 2936 95 42 161 104 58 206 643 54 994 308
internal_value=0 375.494 586.539 -70.2952 1203.66 1704.21 23.462 499.269 -126.452 610.461 129.407 11.6565 105.242 -34.3585 649.153 93.8407 -152.043 416.776 230.85 -197.939 782.842 -120.761 596.538 254.998 -108.954 -116.161 -21.286 152.307 25.4359 37.8692
internal_weight=0 2309 1243 11965 154 72 4482 1089 7483 756 1066 4399 1450 2949 83 998 6404 356 175 3101 400 1188 181 478 3303 3245 903 260 1079 818
internal_count=14274 2309 1243 11965 154 72 4482 1089 7483 756 1066 4399 1450 2949 83 998 6404 356 175 3101 400 1188 181 478 3303 3245 903 260 1079 818
is_linear=0
shrinkage=0.05


Tree=14
num_leaves=31
num_cat=0
split_feature=0 3 0 0 6 2 6 6 0 5 2 5 0 6 4 7 4 4 3 1 4 0 0 7 0 2 0 5 4 4
split_gain=1.38854e+11 4.38847e+10 2.59077e+10 2.27418e+10 1.26305e+10 1.19515e+10 1.14918e+10 9.85436e+09 9.81746e+09 7.3654e+09 6.8386e+09 6.48444e+09 6.3731e+09 5.7731e+09 5.76753e+09 5.52308e+09 5.36161e+09 5.14712e+09 5.12459e+09 5.06279e+09 4.44527e+09 3.92538e+09 3.74746e+09 3.63719e+09 3.56911e+09 4.71831e+09 3.77546e+09 3.34128e+09 3.29546e+09 3.03521e+09
threshold=82126.574218750015 0.39383216561034434 120701.34765625001 67906.062500000015 6.5627026451035224 0.31360454736905186 10.82518809821577 10.82518809821577 143053.29687500003 0.0057455520500426004 0.6092827530049042 0.0026219839748689001 93988.980468750015 9.5429417137666359 0.012568817411687852 22.33274561706224 0.012180213977549302 0.0086360908350269511 0.15509923869513789 0.0040389182176460503 0.010637109599817752 88211.546875000015 77958.687500000015 41.368968916969983 48467.216796875007 0.48294575185763805 58740.611328125007 0.017260735558668354 0.030851696407845856 0.0093557470694602511
decision_type=2 2 2 2 2 2 2 2 2 2 2 2 2 2 2 2 2 2 2 2 2 2 2 2 2 2 2 2 2 2
left_child=3 9 6 7 -4 17 11 18 -6 -2 13 20 19 -7 24 -8 -12 -5 -1 -13 -3 -21 -15 -20 -9 26 -26 28 -18 -14
right_child=1 2 4 5 8 10 15 14 -10 -11 16 12 29 22 -16 -17 27 -19 23 21 -22 -23 -24 -25 25 -27 -28 -29 -30 -31
leaf_value=139.19987070221833 8.6172551717226806 505.39438695367784 746.77941456619578 1153.9884593700542 1244.3453645593981 30.015971213603706 1226.8400166511535 -291.39905526818291 2528.8663527715776 318.39736660160821 -114.72331845736262 176.26743522412849 1035.6559659784491 168.42297342881801 -57.39415515414678 588.46794369353199 -0.17020642013790518 328.14921219437213 -32.133769208266123 406.45808539263976 122.07119230068093 977.59456444717034 507.73546301034787 -183.59729319645808 -94.524628912353521 -182.34614664893149 362.03638391629073 361.24224118096487 556.68370796486192 589.783364590009
leaf_weight=345 682 106 98 29 51 972 64 701 21 267 1188 198 44 374 1054 72 1664 54 1667 113 264 41 104 520 125 3000 71 70 27 288
leaf_count=345 682 106 98 29 51 972 64 701 21 267 1188 198 44 374 1054 72 1664 54 1667 113 264 41 104 520 125 3000 71 70 27 288
internal_value=0 356.72 538.806 -66.7805 1116.19 22.2889 456.323 -120.129 1619 95.7735 11.0737 400.51 491.723 99.9795 -161.162 888.878 -32.6406 616.695 -39.8948 343.5 231.888 558.514 242.248 -68.147 -189.228 -166.818 70.8623 22.7338 8.72102 648.875
internal_weight=0 2309 1360 11965 170 4482 1190 7483 72 949 4399 1054 684 1450 4951 136 2949 83 2532 352 370 154 478 2187 3897 3196 196 1761 1691 332
internal_count=14274 2309 1360 11965 170 4482 1190 7483 72 949 4399 1054 684 1450 4951 136 2949 83 2532 352 370 154 478 2187 3897 3196 196 1761 1691 332
is_linear=0
shrinkage=0.05


Tree=15
num_leaves=31
num_cat=0
split_feature=0 0 2 2 1 4 5 6 5 0 5 6 0 8 6 6 6 1 0 2 1 6 5 5 2 4 1 4 1 2
split_gain=1.25269e+11 3.15889e+10 2.9081e+10 1.75805e+10 1.39566e+10 1.35502e+10 9.35597e+09 7.35903e+09 6.64553e+09 8.19341e+09 6.46972e+09 5.49763e+09 5.49231e+09 5.12996e+09 4.29849e+09 3.96312e+09 3.71874e+09 3.62528e+09 3.5773e+09 1.11892e+10 3.54103e+09 5.21505e+09 3.44823e+09 5.63492e+09 3.33032e+09 3.12545e+09 2.85738e+09 2.68213e+09 2.66621e+09 2.53242e+09
threshold=91363.390625000015 77114.636718750015 0.54681603627344677 0.20317098965633176 0.0024164232903783008 0.0093104453011425524 0.0052537603169477516 14.916679155356432 0.0053397156469416505 111372.63671875001 1.0000000180025095e-35 5.5788743246216024 68066.242187500015 38.702897077022151 4.3049560334806847 8.4557147790849339 7.5544192649455821 0.0025037961556289502 48467.216796875007 0.47469459021002497 0.0027702530847035006 22.48237490267358 0.0053397156469416505 0.0012879301899577 0.50573292527641844 0.028213854565381256 1.0000000180025095e-35 0.010298759788528502 0.0040389182176460503 0.83123031007716885
decision_type=2 2 2 2 2 2 2 2 2 2 2 2 2 2 2 2 2 2 2 2 2 2 2 2 2 2 2 2 2 2
left_child=1 5 3 -2 22 11 10 13 14 15 16 -1 -12 17 -5 -10 -7 -6 -13 -20 -18 -22 23 -3 28 -4 -14 -24 -19 -21
right_child=2 4 25 8 7 6 -8 -9 9 -11 12 18 26 -15 -16 -17 20 24 19 29 21 -23 27 -25 -26 -27 -28 -29 -30 -31
leaf_value=235.05919765603954 1694.4366955879407 71.952303622286635 178.30083450276032 24.576646453259041 857.54694591703867 75.206925669444146 61.355659017054954 837.26567309195548 483.52170011252895 1087.6841500829478 -188.47707187259866 -275.50756606303554 -208.27614227754987 716.88719979745383 520.15748846066469 912.53698596693073 -87.920659382598686 145.54195594570854 192.10287398748233 -194.32432601760516 208.60883919412055 -360.39269539580056 -39.216304007282965 -165.30873404630188 61.893803071144987 -336.8215446472168 3.5247717332660482 262.22128576782131 411.75593735723214 -81.612704759038934
leaf_weight=87 39 677 369 51 21 747 1657 57 205 122 1593 634 199 54 308 73 1503 176 228 2414 226 49 108 397 287 32 797 233 202 628
leaf_count=87 39 677 369 51 21 747 1657 57 205 122 1593 634 199 54 308 73 1503 176 228 2414 226 49 108 397 287 32 797 233 202 628
internal_value=0 -49.601 484.566 659.122 122.488 -84.9719 -41.8984 289.835 605.924 746.087 -75.354 -158.049 -130.893 247.668 449.755 596.177 -18.4075 210.732 -166.809 -145.735 -57.7381 107.223 28.2306 -15.7503 190.306 137.194 -38.7929 166.751 287.804 -171.056
internal_weight=0 12974 1199 798 2212 10762 6771 797 759 400 5114 3991 2589 740 359 278 2525 686 3904 3270 1778 275 1415 1074 665 401 996 341 378 3042
internal_count=14173 12974 1199 798 2212 10762 6771 797 759 400 5114 3991 2589 740 359 278 2525 686 3904 3270 1778 275 1415 1074 665 401 996 341 378 3042
is_linear=0
shrinkage=0.05


Tree=16
num_leaves=31
num_cat=0
split_feature=0 9 2 2 4 5 8 0 5 5 0 5 6 5 0 8 7 0 3 9 7 6 9 4 6 6 8 6 4 5
split_gain=1.13056e+11 3.11256e+10 2.62456e+10 1.58664e+10 1.41756e+10 1.08065e+10 6.52532e+09 6.17207e+09 6.16003e+09 6.04745e+09 4.90956e+09 4.89776e+09 4.21677e+09 3.99626e+09 3.88602e+09 3.83222e+09 3.70505e+09 3.70248e+09 3.75407e+09 3.23363e+09 3.33855e+09 3.15348e+09 2.8732e+09 2.82072e+09 2.80301e+09 2.56037e+09 2.5582e+09 2.46168e+09 2.35204e+09 2.38382e+09
threshold=91363.390625000015 26.078063821072483 0.54681603627344677 0.20317098965633176 0.0092418398493164505 0.0047400228898328506 22.664248329601261 111372.63671875001 0.0057019894462756009 1.0000000180025095e-35 80403.558593750015 0.0026599675473739002 5.5788743246216024 0.0031339583878701002 68066.242187500015 29.462219685182486 18.020784875678654 79745.878906250015 0.32830813338532255 24.88942393113307 27.161687031532747 11.879793159523542 53.196966540125764 0.028213854565381256 12.610565686518756 27.060914849612768 36.290655266439408 3.7100789640136314 0.013139515807729202 0.0038034708576747006
decision_type=2 2 2 2 2 2 2 2 2 2 2 2 2 2 2 2 2 2 2 2 2 2 2 2 2 2 2 2 2 2
left_child=1 4 3 -2 12 9 11 13 16 25 -8 -3 -1 -5 -11 -15 -9 19 -19 20 -7 27 -10 -4 -16 -6 -20 -12 -29 -30
right_child=2 6 23 7 5 17 10 8 22 14 21 -13 -14 15 24 -17 -18 18 26 -21 -22 -23 -24 -25 -26 -27 -28 28 29 -31
leaf_value=292.60694804288909 1609.7148459410057 113.56345966045674 169.38579367454136 274.31596373592515 -14.125134863314679 297.41142760352267 30.888171429233111 60.922503886684297 824.16539568219878 -190.63146730762938 496.86956761136975 779.1472233141883 -174.33772355938353 424.95391647418342 -93.450285538392663 761.62304555122432 688.84358255052075 102.84874998658569 343.33215345949742 -273.70541181822085 37.280325902651434 517.5802096048991 1314.8271953876201 -319.98047671318056 157.95445298322545 -317.02613737318256 998.06248156738275 225.59902620846847 -23.938653239454752 186.99147918616401
leaf_weight=49 39 52 369 166 2248 139 1974 31 70 1397 47 59 3640 192 873 151 97 91 37 74 1095 60 52 32 127 72 25 359 331 225
leaf_count=49 39 52 369 166 2248 139 1974 31 70 1397 47 59 3640 192 873 151 97 91 37 74 1095 60 52 32 127 72 25 359 331 225
internal_value=0 -47.121 460.337 626.166 -90.579 -44.2686 90.89 575.628 779.076 -81.0713 76.9427 467.342 -168.135 475.703 -136.768 573.167 536.769 74.5531 307.282 47.3302 66.582 165.897 1033.3 130.334 -61.5219 -23.5255 607.336 143.963 125.835 61.4198
internal_weight=0 12974 1199 798 9867 6178 3107 759 250 4717 2996 111 3689 509 2397 343 128 1461 153 1308 1234 1022 122 401 1000 2320 62 962 915 556
internal_count=14173 12974 1199 798 9867 6178 3107 759 250 4717 2996 111 3689 509 2397 343 128 1461 153 1308 1234 1022 122 401 1000 2320 62 962 915 556
is_linear=0
shrinkage=0.05


Tree=17
num_leaves=31
num_cat=0
split_feature=0 0 2 2 1 4 5 6 0 5 5 6 0 8 1 2 8 5 2 8 6 1 6 7 1 5 5 2 4 1
split_gain=1.02033e+11 2.58721e+10 2.36867e+10 1.43194e+10 1.18537e+10 1.10579e+10 7.76665e+09 6.49613e+09 5.57029e+09 5.55942e+09 5.3133e+09 4.87986e+09 4.52488e+09 4.37821e+09 4.15128e+09 3.75404e+09 8.22968e+09 3.60662e+09 3.59314e+09 3.45858e+09 3.3457e+09 3.65887e+09 5.08908e+09 3.3438e+09 3.15717e+09 2.85454e+09 5.07011e+09 2.7697e+09 2.5457e+09 2.53432e+09
threshold=91363.390625000015 77114.636718750015 0.54681603627344677 0.20317098965633176 0.0024164232903783008 0.0093104453011425524 0.0052537603169477516 14.916679155356432 111372.63671875001 0.0057019894462756009 1.0000000180025095e-35 10.857675054868251 68066.242187500015 38.702897077022151 0.0002673703736146001 0.22051222133762483 26.623584828095822 0.0031339583878701002 0.84864621363217152 29.462219685182486 4.6922181148528805 0.0027702530847035006 22.48237490267358 18.020784875678654 0.0025037961556289502 0.0053397156469416505 0.0012879301899577 0.50573292527641844 0.028213854565381256 1.0000000180025095e-35
decision_type=2 2 2 2 2 2 2 2 2 2 2 2 2 2 2 2 2 2 2 2 2 2 2 2 2 2 2 2 2 2
left_child=1 5 3 -2 25 11 10 13 17 23 20 14 -12 24 18 16 -13 -5 -1 -19 -7 -22 -23 -10 -6 26 -3 -26 -4 -14
right_child=2 4 28 8 7 6 -8 -9 9 -11 12 15 29 -15 -16 -17 -18 19 -20 -21 21 22 -24 -25 27 -27 -28 -29 -30 -31
leaf_value=16.253560770603649 1529.2290762094353 67.283894761168625 160.91649879982802 260.60016186266063 795.07308291480661 203.07561902646665 56.211824255098975 779.53610831812819 57.876396911374982 981.6349516071258 -170.94452191536635 1016.5223055884952 -194.69623436280833 659.06137214943226 -116.04064094696813 -180.12506557643769 -222.7452014819996 403.70622303485874 425.79585294451039 723.54189732027373 -55.308145294727574 225.60689759680895 -332.39432513178616 654.4013973354065 261.31322341797846 150.14204823222678 -157.77242698669434 55.292830319022471 -303.98144411817196 4.7724390359265891
leaf_weight=228 39 677 369 166 21 162 1657 57 31 122 1593 21 199 54 597 3038 37 192 70 151 2068 246 49 97 378 341 397 287 32 797
leaf_count=228 39 677 369 166 21 162 1657 57 31 122 1593 21 199 54 597 3038 37 192 70 151 2068 246 49 97 378 341 397 287 32 797
internal_value=0 -44.7649 437.321 594.858 110.976 -76.7756 -37.8644 265.201 546.847 740.122 -68.3462 -142.791 -118.677 225.583 -39.9606 -172.518 225.955 451.918 112.455 544.509 -16.7394 -31.8093 132.922 509.93 191.461 24.1088 -15.9073 172.399 123.817 -35.0812
internal_weight=0 12974 1199 798 2212 10762 6771 797 759 250 5114 3991 2589 740 895 3096 58 509 298 343 2525 2363 295 128 686 1415 1074 665 401 996
internal_count=14173 12974 1199 798 2212 10762 6771 797 759 250 5114 3991 2589 740 895 3096 58 509 298 343 2525 2363 295 128 686 1415 1074 665 401 996
is_linear=0
shrinkage=0.05


Tree=18
num_leaves=31
num_cat=0
split_feature=0 9 2 2 4 5 1 5 0 5 0 1 0 6 1 0 6 6 0 7 2 0 7 9 9 4 5 4 1 6
split_gain=9.20845e+10 2.58979e+10 2.13772e+10 1.29233e+10 1.1679e+10 8.95029e+09 5.68475e+09 5.38885e+09 5.02719e+09 5.01738e+09 4.33061e+09 3.9901e+09 4.96207e+09 3.57328e+09 3.43948e+09 4.27426e+09 3.4241e+09 3.29472e+09 3.07319e+09 3.01778e+09 2.92789e+09 2.82673e+09 2.82197e+09 2.59306e+09 2.52313e+09 2.29749e+09 2.30243e+09 2.27246e+09 2.20797e+09 2.93934e+09
threshold=91363.390625000015 26.078063821072483 0.54681603627344677 0.20317098965633176 0.0098053187488015524 0.0047400228898328506 0.0039710325872808006 1.0000000180025095e-35 111372.63671875001 0.0057019894462756009 87146.210937500015 9.3646157539908749e-05 61346.695312500007 8.1159072620485286 0.0033753944244549008 79745.878906250015 5.5788743246216024 10.063871451613545 48467.216796875007 18.020784875678654 0.47469459021002497 86626.125000000015 30.618308160972219 53.196966540125764 24.88942393113307 0.028213854565381256 0.0078737835606046015 0.011462389577264953 0.0027702530847035006 22.48237490267358
decision_type=2 2 2 2 2 2 2 2 2 2 2 2 2 2 2 2 2 2 2 2 2 2 2 2 2 2 2 2 2 2
left_child=1 4 3 -2 16 7 -3 28 17 19 13 -9 -13 -8 21 22 -1 -5 -18 -10 -20 24 -16 27 -7 26 -4 -11 -6 -30
right_child=2 6 25 8 5 14 10 11 9 23 -12 12 -14 -15 15 -17 18 -19 20 -21 -22 -23 -24 -25 -26 -27 -28 -29 29 -31
leaf_value=268.03033230839941 1452.7676087990785 51.61492410383633 91.907077117254275 369.17454137870902 -32.386604334216166 26.146607842535346 46.456913093604975 -239.97723877367332 54.982563646378061 939.65196795256236 565.61696340301887 -205.68607467691243 -23.960783071987326 320.56139697105658 296.19935478127525 800.69212585731793 -251.16883636772724 698.36705217258907 102.44599856279029 621.6813246264901 -142.32854228280993 525.02951015896269 31.932075459616527 1200.0041150606596 -339.35999459838871 -288.78237566947939 408.74608444428782 339.47022889455161 217.55798385367211 -277.13354649013945
leaf_weight=49 39 2546 298 416 2011 848 263 571 31 46 81 574 1087 217 184 27 659 93 127 97 3212 27 224 52 50 32 71 24 181 36
leaf_count=49 39 2546 298 416 2011 848 263 571 31 46 81 574 1087 217 184 27 659 93 127 97 3212 27 224 52 50 32 71 24 181 36
internal_value=0 -42.5267 415.455 565.115 -82.1676 -36.8062 83.3623 -71.0458 519.504 703.116 227.442 -125.957 -86.7605 170.375 75.4796 191.43 -147.402 429.322 -152.493 484.434 -133.018 20.9515 151.111 932.553 5.79546 117.627 152.871 733.875 -16.036 135.489
internal_weight=0 12974 1199 798 9867 5820 3107 4460 759 250 561 2232 1661 480 1360 435 4047 509 3998 128 3339 925 408 122 898 401 369 70 2228 217
internal_count=14173 12974 1199 798 9867 5820 3107 4460 759 250 561 2232 1661 480 1360 435 4047 509 3998 128 3339 925 408 122 898 401 369 70 2228 217
is_linear=0
shrinkage=0.05


Tree=19
num_leaves=31
num_cat=0
split_feature=0 9 2 2 4 5 8 5 0 5 0 9 5 1 0 6 8 8 0 1 1 0 1 8 8 3 3 5 4 2
split_gain=8.31063e+10 2.34243e+10 1.9293e+10 1.16632e+10 9.45209e+09 8.45566e+09 5.58962e+09 4.70159e+09 4.62898e+09 4.20414e+09 3.81898e+09 3.77596e+09 3.62905e+09 3.47911e+09 4.90354e+09 3.15383e+09 3.05822e+09 2.8175e+09 3.2952e+09 2.79944e+09 3.52458e+09 2.74378e+09 4.75302e+09 2.56897e+09 2.50542e+09 3.3761e+09 3.37368e+09 2.41788e+09 2.30338e+09 2.18079e+09
threshold=91363.390625000015 25.485990740943901 0.54681603627344677 0.20317098965633176 0.0092418398493164505 0.0047400228898328506 22.664248329601261 0.0028812391061195505 80403.558593750015 0.0026599675473739002 111372.63671875001 24.88942393113307 1.0000000180025095e-35 9.3646157539908749e-05 61346.695312500007 5.5788743246216024 29.462219685182486 20.247554152333024 129521.26953125001 0.0040389182176460503 0.0047759970940018008 73165.464843750015 0.0048742465422082007 41.979907214603593 36.077977029881971 0.38241132856741938 0.11429465862478541 0.0091828083591566027 0.0073651498738987005 0.58156726765823041
decision_type=2 2 2 2 2 2 2 2 2 2 2 2 2 2 2 2 2 2 2 2 2 2 2 2 2 2 2 2 2 2
left_child=1 4 3 -2 15 12 9 -5 24 -3 16 21 -6 -14 -15 -1 -9 -12 -19 -10 -21 23 27 29 25 -8 -26 -23 -28 -7
right_child=2 6 -4 7 5 11 8 10 19 -11 17 -13 13 14 -16 -17 -18 18 -20 20 -22 22 -24 -25 26 -27 28 -29 -30 -31
leaf_value=254.62881689460912 1380.1292724609375 94.207188650277942 111.74521755863009 326.53677861699322 -28.535608427542996 147.90483438288635 -91.309681335476284 362.91902034282685 106.74659759110097 710.86271848516958 340.63038352683742 -353.17853035560023 -223.9290857347836 -196.57244238137045 -22.138491453475723 -149.2400178209783 663.67387204201805 766.35804785852849 1403.8448448768031 620.63951165676121 176.99955991706594 -11.874756104123277 895.35025418599457 449.73365655196341 530.4605510545814 49.906487947055147 -431.01125575474339 302.67567044595131 106.31233845477742 -12.796886172251213
leaf_weight=49 39 52 401 271 2199 291 705 192 816 59 27 52 582 619 1154 3583 151 92 26 64 149 113 24 38 46 1059 21 133 397 769
leaf_count=49 39 52 401 271 2199 291 705 192 816 59 27 52 582 619 1154 3583 151 92 26 64 149 113 24 38 46 1059 21 133 397 769
internal_value=0 -40.4003 394.682 536.859 -80.1818 -41.5092 73.0619 493.529 61.1706 421.979 586.265 65.0187 -74.7261 -117.857 -83.0379 -143.791 495.321 801.393 906.821 148.882 310.3 80.9151 223.713 45.8009 20.6614 -6.53195 124.043 158.187 79.3176 31.3203
internal_weight=0 12974 1199 798 9606 5974 3368 759 3257 111 488 1420 4554 2355 1773 3632 343 145 118 1029 213 1368 270 1098 2228 1764 464 246 418 1060
internal_count=14173 12974 1199 798 9606 5974 3368 759 3257 111 488 1420 4554 2355 1773 3632 343 145 118 1029 213 1368 270 1098 2228 1764 464 246 418 1060
is_linear=0
shrinkage=0.05


end of trees

feature_importances:
median_family_income=106
OTHER=101
noHS=75
GREEN=70
REPUBLICAN=63
LIBERTARIAN=59
someCol=44
Col=36
HS=24
DEMOCRAT=22

parameters:
[boosting: gbdt]
[objective: regression]
[metric: l1,l2]
[tree_learner: serial]
[device_type: cpu]
[data: ]
[valid: ]
[num_iterations: 20]
[learning_rate: 0.05]
[num_leaves: 31]
[num_threads: 0]
[deterministic: 0]
[force_col_wise: 0]
[force_row_wise: 0]
[histogram_pool_size: -1]
[max_depth: -1]
[min_data_in_leaf: 20]
[min_sum_hessian_in_leaf: 0.001]
[bagging_fraction: 0.8]
[pos_bagging_fraction: 1]
[neg_bagging_fraction: 1]
[bagging_freq: 5]
[bagging_seed: 3]
[feature_fraction: 0.9]
[feature_fraction_bynode: 1]
[feature_fraction_seed: 2]
[extra_trees: 0]
[extra_seed: 6]
[early_stopping_round: 0]
[first_metric_only: 0]
[max_delta_step: 0]
[lambda_l1: 0]
[lambda_l2: 0]
[linear_lambda: 0]
[min_gain_to_split: 0]
[drop_rate: 0.1]
[max_drop: 50]
[skip_drop: 0.5]
[xgboost_dart_mode: 0]
[uniform_drop: 0]
[drop_seed: 4]
[top_rate: 0.2]
[other_rate: 0.1]
[min_data_per_group: 100]
[max_cat_threshold: 32]
[cat_l2: 10]
[cat_smooth: 10]
[max_cat_to_onehot: 4]
[top_k: 20]
[monotone_constraints: ]
[monotone_constraints_method: basic]
[monotone_penalty: 0]
[feature_contri: ]
[forcedsplits_filename: ]
[refit_decay_rate: 0.9]
[cegb_tradeoff: 1]
[cegb_penalty_split: 0]
[cegb_penalty_feature_lazy: ]
[cegb_penalty_feature_coupled: ]
[path_smooth: 0]
[interaction_constraints: ]
[verbosity: 0]
[saved_feature_importance_type: 0]
[linear_tree: 0]
[max_bin: 255]
[max_bin_by_feature: ]
[min_data_in_bin: 3]
[bin_construct_sample_cnt: 200000]
[data_random_seed: 1]
[is_enable_sparse: 1]
[enable_bundle: 1]
[use_missing: 1]
[zero_as_missing: 0]
[feature_pre_filter: 1]
[pre_partition: 0]
[two_round: 0]
[header: 0]
[label_column: ]
[weight_column: ]
[group_column: ]
[ignore_column: ]
[categorical_feature: ]
[forcedbins_filename: ]
[precise_float_parser: 0]
[parser_config_file: ]
[objective_seed: 5]
[num_class: 1]
[is_unbalance: 0]
[scale_pos_weight: 1]
[sigmoid: 1]
[boost_from_average: 1]
[reg_sqrt: 0]
[alpha: 0.9]
[fair_c: 1]
[poisson_max_delta_step: 0.7]
[tweedie_variance_power: 1.5]
[lambdarank_truncation_level: 30]
[lambdarank_norm: 1]
[label_gain: ]
[lambdarank_position_bias_regularization: 0]
[eval_at: ]
[multi_error_top_k: 1]
[auc_mu_weights: ]
[num_machines: 1]
[local_listen_port: 12400]
[time_out: 120]
[machine_list_filename: ]
[machines: ]
[gpu_platform_id: -1]
[gpu_device_id: -1]
[gpu_use_dp: 0]
[num_gpu: 1]

end of parameters

pandas_categorical:[]
